0 0.069 0.7346666666666667 0.113 0.7853333333333333
0 0.037 0.7293333333333333 0.072 0.7786666666666666
0 0.048 0.476 0.09 0.544
0 0.015 0.456 0.049 0.5093333333333333
0 0.114 0.9173333333333333 0.153 0.964
0 0.104 0.872 0.137 0.916
0 0.088 0.9413333333333334 0.118 0.972
0 0.19 0.7653333333333333 0.217 0.8066666666666666
0 0.18 0.804 0.225 0.8373333333333334
0 0.225 0.764 0.249 0.8213333333333334
0 0.263 0.68 0.289 0.7186666666666667
0 0.439 0.572 0.455 0.596
0 0.448 0.5813333333333334 0.466 0.6013333333333334
0 0.621 0.8466666666666667 0.646 0.8746666666666667
0 0.604 0.8186666666666667 0.626 0.848
0 0.625 0.8186666666666667 0.652 0.848
0 0.604 0.656 0.624 0.6853333333333333
0 0.627 0.644 0.65 0.6746666666666666
0 0.643 0.572 0.666 0.5973333333333334
0 0.64 0.5213333333333333 0.663 0.5533333333333333
0 0.627 0.49866666666666665 0.652 0.5253333333333333
0 0.627 0.476 0.654 0.49466666666666664
0 0.681 0.5266666666666666 0.705 0.5546666666666666
0 0.673 0.47333333333333333 0.693 0.49333333333333335
