0 0.815 0.3358433734939759 0.977 0.5331325301204819
0 0.603 0.37349397590361444 0.771 0.5993975903614458
0 0.36 0.4382530120481928 0.58 0.6942771084337349
0 0.418 0.30873493975903615 0.562 0.46536144578313254
0 0.152 0.45481927710843373 0.352 0.7274096385542169
0 0.278 0.6430722891566265 0.466 0.9096385542168675
0 0.367 0.6987951807228916 0.623 1.0225903614457832
0 0.577 0.6460843373493976 0.716 0.911144578313253
0 0.672 0.5662650602409639 0.834 0.766566265060241
0 0.816 0.5090361445783133 0.997 0.7123493975903614
