1 0.20666666666666667 0.228 0.39466666666666667 0.375
1 0.4013333333333333 0.299 0.5946666666666667 0.424
1 0.5666666666666667 0.362 0.72 0.472
1 0.38666666666666666 0.386 0.5733333333333334 0.54
1 0.19733333333333333 0.396 0.396 0.542
1 0.12266666666666666 0.539 0.31066666666666665 0.662
1 0.312 0.489 0.464 0.637
1 0.48933333333333334 0.502 0.6746666666666666 0.65
1 0.7613333333333333 0.44 0.9373333333333334 0.581
1 0.624 0.465 0.78 0.582
1 0.6626666666666666 0.566 0.8386666666666667 0.667
1 0.676 0.625 0.88 0.732
1 0.444 0.651 0.6613333333333333 0.73
1 0.272 0.618 0.4706666666666667 0.728
