1 0.14 0.292 0.32266666666666666 0.408
1 0.132 0.408 0.3506666666666667 0.516
1 0.148 0.477 0.31466666666666665 0.587
1 0.104 0.62 0.2813333333333333 0.726
1 0.2946666666666667 0.658 0.4573333333333333 0.726
1 0.4826666666666667 0.591 0.6666666666666666 0.723
1 0.3426666666666667 0.389 0.5213333333333333 0.532
1 0.44 0.489 0.7026666666666667 0.591
1 0.6666666666666666 0.542 0.7973333333333333 0.642
1 0.7266666666666667 0.671 0.8253333333333334 0.712
1 0.7773333333333333 0.693 0.9386666666666666 0.729
1 0.824 0.588 0.9226666666666666 0.672
1 0.924 0.603 1.0213333333333334 0.72
1 0.6786666666666666 0.342 0.9933333333333333 0.534
1 0.952 0.501 1.028 0.601
1 0.932 0.258 1.0173333333333334 0.368
1 0.7333333333333333 0.267 0.868 0.352
1 0.576 0.193 0.7346666666666667 0.346
1 0.88 0.236 0.9533333333333334 0.296
1 0.616 0.333 0.752 0.419
1 0.5293333333333333 0.404 0.668 0.476
0 0.2653333333333333 0.566 0.4093333333333333 0.662
