0 0.673 0.5007518796992482 0.772 0.6676691729323309
0 0.266 0.6240601503759399 0.385 0.8195488721804511
0 0.114 0.3383458646616541 0.321 0.681203007518797
0 0.234 0.2962406015037594 0.385 0.4766917293233083
0 0.69 0.26917293233082706 0.83 0.5112781954887218
1 0.201 0.045112781954887216 0.408 0.34887218045112783
1 0.375 0.1518796992481203 0.526 0.35639097744360904
1 0.546 0.1774436090225564 0.678 0.39849624060150374
1 0.536 0.37142857142857144 0.685 0.6015037593984962
1 0.321 0.3458646616541353 0.529 0.6706766917293233
1 0.518 0.5834586466165413 0.768 0.9398496240601504
1 0.382 0.7308270676691729 0.484 0.881203007518797
