1 0.299 0.18666666666666668 0.601 0.5893333333333334
1 0.025 0.23333333333333334 0.287 0.5786666666666667
1 0.088 0.024 0.325 0.2733333333333333
1 0.39 0.064 0.606 0.2613333333333333
1 0.613 0.04 0.825 0.332
1 0.619 0.25866666666666666 0.897 0.5893333333333334
1 0.876 0.024 1.022 0.212
1 0.849 0.224 1.005 0.4666666666666667
1 0.872 0.5026666666666667 1.027 0.78
1 0.706 0.7773333333333333 1.02 0.9693333333333334
1 0.413 0.552 0.71 0.9453333333333334
1 0.244 0.7013333333333334 0.497 0.9773333333333334
1 0.125 0.5146666666666667 0.351 0.8093333333333333
1 0.011 0.736 0.236 0.9773333333333334
