1 0.139 0.299 0.212 0.358
1 0.192 0.349 0.248 0.387
1 0.233 0.309 0.276 0.347
1 0.257 0.325 0.304 0.365
1 0.32 0.293 0.363 0.34
1 0.324 0.327 0.387 0.38
1 0.376 0.338 0.422 0.401
1 0.387 0.286 0.456 0.356
1 0.427 0.239 0.465 0.288
1 0.488 0.23 0.536 0.287
1 0.535 0.19 0.588 0.251
1 0.627 0.222 0.686 0.271
1 0.756 0.199 0.816 0.265
1 0.678 0.237 0.728 0.285
1 0.718 0.266 0.772 0.33
1 0.651 0.275 0.697 0.324
1 0.605 0.299 0.662 0.351
1 0.581 0.246 0.626 0.295
1 0.537 0.276 0.587 0.325
1 0.456 0.297 0.522 0.34
1 0.457 0.273 0.5 0.302
1 0.491 0.334 0.539 0.386
1 0.567 0.41 0.622 0.455
1 0.621 0.342 0.684 0.425
1 0.555 0.31 0.631 0.379
1 0.686 0.339 0.752 0.406
1 0.709 0.302 0.77 0.359
1 0.748 0.338 0.834 0.396
1 0.747 0.398 0.793 0.446
1 0.689 0.388 0.736 0.447
1 0.699 0.441 0.764 0.505
1 0.793 0.45 0.848 0.493
1 0.734 0.492 0.796 0.563
1 0.804 0.507 0.862 0.571
1 0.791 0.563 0.838 0.618
1 0.789 0.646 0.851 0.707
1 0.825 0.614 0.873 0.662
1 0.675 0.549 0.753 0.617
1 0.719 0.647 0.788 0.729
1 0.643 0.494 0.71 0.556
1 0.626 0.421 0.694 0.485
1 0.502 0.389 0.569 0.447
1 0.431 0.368 0.497 0.436
1 0.477 0.423 0.545 0.49
1 0.473 0.497 0.537 0.563
1 0.539 0.508 0.58 0.569
1 0.572 0.534 0.642 0.594
1 0.579 0.463 0.636 0.532
1 0.619 0.585 0.68 0.663
1 0.621 0.659 0.691 0.729
1 0.485 0.551 0.569 0.64
1 0.497 0.627 0.574 0.702
1 0.451 0.638 0.526 0.709
1 0.377 0.55 0.456 0.623
1 0.311 0.509 0.384 0.581
1 0.316 0.439 0.393 0.509
1 0.357 0.396 0.439 0.477
1 0.303 0.379 0.381 0.435
1 0.228 0.392 0.303 0.468
1 0.181 0.399 0.25 0.467
1 0.086 0.401 0.16 0.467
1 0.117 0.47 0.176 0.532
1 0.103 0.527 0.161 0.598
1 0.165 0.622 0.251 0.69
1 0.26 0.566 0.32 0.632
1 0.218 0.512 0.279 0.578
1 0.243 0.466 0.323 0.538
1 0.179 0.456 0.242 0.532
1 0.122 0.584 0.202 0.654
1 0.302 0.619 0.372 0.697
1 0.372 0.675 0.442 0.728
1 0.553 0.588 0.614 0.665
1 0.415 0.44 0.478 0.528
1 0.427 0.534 0.489 0.609
1 0.362 0.493 0.439 0.562
1 0.243 0.364 0.3 0.403
1 0.152 0.356 0.196 0.415
1 0.544 0.446 0.571 0.502
1 0.691 0.644 0.724 0.675
1 0.721 0.571 0.775 0.648
1 0.568 0.666 0.624 0.719
1 0.375 0.633 0.424 0.676
1 0.343 0.577 0.395 0.623
1 0.156 0.684 0.225 0.728
