1 0.349 0.7786144578313253 0.417 0.8569277108433735
1 0.249 0.8358433734939759 0.324 0.9141566265060241
1 0.33 0.8629518072289156 0.392 0.9262048192771084
1 0.291 0.9186746987951807 0.346 0.9939759036144579
1 0.369 0.9262048192771084 0.415 0.9969879518072289
1 0.424 0.9307228915662651 0.487 0.9939759036144579
1 0.504 0.9156626506024096 0.547 0.9939759036144579
1 0.578 0.9231927710843374 0.622 0.9984939759036144
1 0.636 0.9171686746987951 0.702 1.0
1 0.703 0.9262048192771084 0.783 0.9939759036144579
1 0.785 0.9066265060240963 0.867 0.9924698795180723
1 0.727 0.8448795180722891 0.82 0.9171686746987951
1 0.629 0.6942771084337349 0.693 0.7996987951807228
1 0.679 0.7439759036144579 0.748 0.8448795180722891
1 0.747 0.7605421686746988 0.802 0.8463855421686747
1 0.568 0.786144578313253 0.623 0.858433734939759
1 0.594 0.733433734939759 0.628 0.8057228915662651
1 0.617 0.7906626506024096 0.679 0.8614457831325302
1 0.666 0.8478915662650602 0.723 0.927710843373494
1 0.578 0.8418674698795181 0.658 0.9246987951807228
1 0.528 0.858433734939759 0.578 0.9231927710843374
1 0.45 0.8599397590361446 0.514 0.9216867469879518
1 0.389 0.858433734939759 0.449 0.927710843373494
1 0.465 0.7831325301204819 0.51 0.8433734939759037
1 0.438 0.8012048192771084 0.468 0.8629518072289156
1 0.53 0.7996987951807228 0.561 0.8448795180722891
