0 0.087 0.021021021021021023 0.243 0.25375375375375375
0 0.135 0.2672672672672673 0.264 0.481981981981982
0 0.249 0.2057057057057057 0.367 0.36936936936936937
0 0.346 0.2132132132132132 0.461 0.4039039039039039
0 0.517 0.04804804804804805 0.668 0.2807807807807808
0 0.529 0.24324324324324326 0.68 0.503003003003003
0 0.69 0.35735735735735735 0.845 0.5930930930930931
0 0.792 0.2852852852852853 0.95 0.5420420420420421
0 0.528 0.6786786786786787 0.693 0.924924924924925
0 0.394 0.7207207207207207 0.55 0.9654654654654654
