1 0.236 0.7706666666666667 0.287 0.8426666666666667
1 0.288 0.78 0.332 0.8493333333333334
1 0.338 0.7786666666666666 0.375 0.8173333333333334
1 0.356 0.7533333333333333 0.387 0.784
1 0.401 0.768 0.437 0.816
1 0.392 0.7266666666666667 0.422 0.7666666666666667
1 0.442 0.752 0.483 0.7933333333333333
1 0.449 0.8213333333333334 0.48 0.8533333333333334
1 0.474 0.836 0.534 0.888
1 0.552 0.816 0.589 0.8573333333333333
1 0.502 0.788 0.538 0.828
1 0.473 0.7826666666666666 0.508 0.8093333333333333
1 0.353 0.8253333333333334 0.41 0.8653333333333333
1 0.334 0.8586666666666667 0.432 0.9306666666666666
1 0.366 0.872 0.434 0.956
1 0.388 0.8986666666666666 0.458 0.9746666666666667
1 0.433 0.868 0.481 0.936
1 0.471 0.892 0.535 0.9706666666666667
1 0.577 0.9 0.657 0.976
1 0.637 0.8733333333333333 0.657 0.9053333333333333
1 0.634 0.8706666666666667 0.687 0.9306666666666666
1 0.705 0.8666666666666667 0.77 0.9493333333333334
1 0.673 0.9053333333333333 0.746 0.9746666666666667
1 0.762 0.8306666666666667 0.829 0.904
1 0.651 0.82 0.687 0.8693333333333333
1 0.689 0.8226666666666667 0.741 0.88
1 0.288 0.8306666666666667 0.353 0.8973333333333333
1 0.265 0.888 0.315 0.9346666666666666
1 0.228 0.8546666666666667 0.293 0.9266666666666666
