1 0.074 0.02844311377245509 0.309 0.3398203592814371
1 0.313 0.016467065868263474 0.502 0.2904191616766467
1 0.516 0.0029940119760479044 0.71 0.23502994011976047
1 0.658 0.11526946107784432 0.883 0.45808383233532934
1 0.759 0.004491017964071856 0.958 0.19311377245508982
1 0.794 0.3008982035928144 1.003 0.6002994011976048
1 0.501 0.21706586826347304 0.654 0.5508982035928144
1 0.303 0.32335329341317365 0.529 0.6526946107784432
1 0.029 0.3083832335329341 0.287 0.6811377245508982
1 0.006 0.6721556886227545 0.196 1.0044910179640718
1 0.232 0.6407185628742516 0.474 0.9880239520958084
1 0.483 0.5479041916167665 0.724 0.907185628742515
1 0.756 0.592814371257485 1.003 0.9086826347305389
1 0.572 0.7904191616766467 0.825 1.0164670658682635
1 0.633 0.47604790419161674 0.786 0.6706586826347305
