1 0.545 0.2222222222222222 0.649 0.35585585585585583
1 0.663 0.24774774774774774 0.759 0.3813813813813814
1 0.691 0.14264264264264265 0.769 0.2672672672672673
1 0.77 0.16066066066066065 0.866 0.3108108108108108
1 0.83 0.07057057057057058 0.937 0.21921921921921922
1 0.905 0.21171171171171171 1.013 0.34534534534534533
1 0.797 0.3183183183183183 0.904 0.43543543543543545
1 0.765 0.2852852852852853 0.843 0.35285285285285284
1 0.691 0.3768768768768769 0.771 0.4774774774774775
1 0.579 0.3978978978978979 0.678 0.551051051051051
1 0.584 0.32882882882882886 0.679 0.42792792792792794
1 0.493 0.4294294294294294 0.579 0.551051051051051
1 0.416 0.4954954954954955 0.499 0.6366366366366366
1 0.489 0.496996996996997 0.583 0.6711711711711712
1 0.573 0.6291291291291291 0.642 0.7462462462462462
1 0.63 0.6216216216216216 0.724 0.7807807807807807
1 0.716 0.6861861861861862 0.796 0.8453453453453453
1 0.795 0.7162162162162162 0.915 0.9354354354354354
1 0.881 0.6006006006006006 1.007 0.8063063063063063
1 0.764 0.5705705705705706 0.867 0.7162162162162162
1 0.664 0.5045045045045045 0.791 0.6531531531531531
1 0.826 0.4159159159159159 0.93 0.5840840840840841
1 0.937 0.43243243243243246 1.016 0.5735735735735735
1 0.954 0.3333333333333333 1.022 0.43843843843843844
