0 0.25 0.5834445927903872 0.304 0.6555407209612817
1 0.219 0.40186915887850466 0.271 0.4712950600801068
1 0.173 0.4098798397863818 0.217 0.4672897196261682
1 0.204 0.4739652870493992 0.242 0.5287049399198932
1 0.264 0.45260347129506007 0.292 0.49265687583444595
1 0.795 0.540720961281709 0.83 0.5901201602136181
1 0.759 0.5500667556742324 0.793 0.5981308411214953
1 0.743 0.6088117489986649 0.772 0.6395193591455274
1 0.769 0.6194926568758344 0.812 0.671562082777036
1 0.803 0.5727636849132176 0.833 0.6381842456608812
1 0.833 0.5941255006675568 0.864 0.636849132176235
1 0.817 0.6315086782376502 0.837 0.6555407209612817
1 0.845 0.6515353805073432 0.861 0.6795727636849133
1 0.869 0.6688918558077437 0.91 0.7089452603471295
1 0.839 0.7036048064085447 0.875 0.7409879839786382
1 0.884 0.7169559412550067 0.909 0.7650200267022697
1 0.835 0.7570093457943925 0.881 0.7823765020026703
1 0.814 0.7650200267022697 0.847 0.7957276368491322
1 0.811 0.7182910547396528 0.84 0.7583444592790387
1 0.778 0.6969292389853138 0.793 0.7209612817089452
1 0.768 0.7316421895861148 0.807 0.7663551401869159
1 0.773 0.7823765020026703 0.809 0.8184245660881175
1 0.807 0.8050734312416555 0.84 0.8464619492656876
1 0.798 0.6542056074766355 0.831 0.7102803738317757
