1 0.58 0.021352313167259787 0.642 0.11743772241992882
1 0.634 0.010676156583629894 0.665 0.08540925266903915
1 0.646 0.07651245551601424 0.699 0.1601423487544484
1 0.671 0.042704626334519574 0.704 0.11921708185053381
1 0.592 0.1103202846975089 0.663 0.17615658362989323
1 0.575 0.1797153024911032 0.6 0.2597864768683274
1 0.608 0.18861209964412812 0.663 0.25444839857651247
1 0.452 0.14412811387900357 0.477 0.16725978647686832
1 0.452 0.10142348754448399 0.48 0.1583629893238434
1 0.396 0.12811387900355872 0.442 0.18861209964412812
1 0.454 0.1423487544483986 0.51 0.21708185053380782
1 0.142 0.4804270462633452 0.225 0.5640569395017794
1 0.181 0.5693950177935944 0.244 0.6423487544483986
1 0.232 0.4875444839857651 0.3 0.5747330960854092
1 0.303 0.4875444839857651 0.351 0.5658362989323843
1 0.333 0.599644128113879 0.386 0.6886120996441281
1 0.294 0.7259786476868327 0.369 0.8096085409252669
1 0.32 0.6957295373665481 0.372 0.8238434163701067
1 0.313 0.8167259786476868 0.388 0.9323843416370107
1 0.395 0.8487544483985765 0.441 0.9733096085409253
1 0.329 0.9501779359430605 0.395 1.0124555160142348
1 0.379 0.7135231316725978 0.43 0.8291814946619217
1 0.437 0.6619217081850534 0.487 0.7775800711743772
1 0.409 0.49644128113879005 0.447 0.604982206405694
1 0.37 0.4626334519572954 0.417 0.5551601423487544
1 0.335 0.5266903914590747 0.394 0.6014234875444839
1 0.459 0.4786476868327402 0.515 0.5782918149466192
1 0.458 0.5498220640569395 0.496 0.6387900355871886
1 0.504 0.5409252669039146 0.544 0.6316725978647687
1 0.527 0.4786476868327402 0.561 0.5498220640569395
1 0.54 0.5409252669039146 0.604 0.6192170818505338
1 0.537 0.6298932384341637 0.568 0.7188612099644128
1 0.576 0.6245551601423488 0.613 0.6886120996441281
1 0.229 0.7562277580071174 0.28 0.8523131672597865
1 0.247 0.693950177935943 0.306 0.7758007117437722
1 0.229 0.6209964412811388 0.275 0.702846975088968
1 0.091 0.5551601423487544 0.145 0.6779359430604982
1 0.032 0.6156583629893239 0.082 0.708185053380783
1 0.104 0.49644128113879005 0.144 0.5569395017793595
1 0.164 0.3896797153024911 0.206 0.45907473309608543
