1 0.231 0.46407185628742514 0.28 0.5404191616766467
1 0.223 0.3907185628742515 0.259 0.4476047904191617
1 0.24 0.43263473053892215 0.299 0.4820359281437126
1 0.284 0.4101796407185629 0.338 0.4595808383233533
1 0.305 0.37425149700598803 0.344 0.437125748502994
1 0.345 0.3997005988023952 0.399 0.4595808383233533
1 0.359 0.4655688622754491 0.405 0.5359281437125748
1 0.293 0.46706586826347307 0.34 0.5044910179640718
1 0.283 0.49101796407185627 0.329 0.5568862275449101
1 0.236 0.5359281437125748 0.299 0.6122754491017964
1 0.182 0.5074850299401198 0.231 0.5898203592814372
1 0.197 0.4745508982035928 0.226 0.5299401197604791
1 0.183 0.4505988023952096 0.234 0.5224550898203593
1 0.142 0.49850299401197606 0.187 0.5553892215568862
1 0.186 0.5089820359281437 0.231 0.5868263473053892
1 0.293 0.5568862275449101 0.339 0.6167664670658682
1 0.344 0.5239520958083832 0.385 0.6197604790419161
1 0.324 0.5988023952095808 0.379 0.655688622754491
1 0.434 0.46107784431137727 0.454 0.5194610778443114
1 0.407 0.4865269461077844 0.441 0.5494011976047904
1 0.429 0.5479041916167665 0.459 0.6092814371257484
1 0.139 0.6841317365269461 0.199 0.7829341317365269
1 0.187 0.6317365269461078 0.24 0.7260479041916168
1 0.237 0.6032934131736527 0.288 0.7155688622754491
1 0.228 0.7050898203592815 0.292 0.7724550898203593
1 0.187 0.7470059880239521 0.254 0.8368263473053892
1 0.106 0.7904191616766467 0.229 0.9311377245508982
1 0.053 0.7994011976047904 0.123 0.9086826347305389
1 0.007 0.7844311377245509 0.054 0.8772455089820359
1 0.064 0.6991017964071856 0.14 0.8098802395209581
1 0.019 0.6586826347305389 0.09 0.7305389221556886
1 0.005 0.5973053892215568 0.034 0.7050898203592815
1 0.465 0.8562874251497006 0.539 0.9910179640718563
1 0.366 0.6946107784431138 0.438 0.7889221556886228
1 0.45 0.6586826347305389 0.513 0.7380239520958084
1 0.459 0.7365269461077845 0.519 0.8218562874251497
1 0.527 0.7470059880239521 0.585 0.8203592814371258
1 0.569 0.7844311377245509 0.634 0.907185628742515
1 0.553 0.8967065868263473 0.616 0.9775449101796407
1 0.534 0.9535928143712575 0.594 1.0134730538922156
1 0.407 0.8353293413173652 0.463 0.9505988023952096
1 0.358 0.7754491017964071 0.416 0.8862275449101796
1 0.278 0.8173652694610778 0.342 0.9116766467065869
1 0.324 0.8907185628742516 0.407 0.9940119760479041
1 0.262 0.9236526946107785 0.353 1.0254491017964071
1 0.529 0.5598802395209581 0.595 0.6497005988023952
1 0.452 0.5389221556886228 0.527 0.6152694610778443
1 0.471 0.468562874251497 0.53 0.5374251497005988
1 0.524 0.5014970059880239 0.576 0.5568862275449101
1 0.551 0.43263473053892215 0.59 0.4820359281437126
1 0.515 0.44011976047904194 0.571 0.5014970059880239
1 0.602 0.4431137724550898 0.645 0.5149700598802395
1 0.601 0.49700598802395207 0.632 0.5449101796407185
1 0.579 0.5209580838323353 0.616 0.6137724550898204
1 0.636 0.5329341317365269 0.685 0.6362275449101796
1 0.663 0.4535928143712575 0.712 0.5389221556886228
1 0.58 0.7215568862275449 0.65 0.8308383233532934
1 0.694 0.5149700598802395 0.773 0.6541916167664671
1 0.754 0.5074850299401198 0.805 0.6002994011976048
1 0.749 0.6916167664670658 0.842 0.8053892215568862
1 0.76 0.6197604790419161 0.827 0.6781437125748503
1 0.796 0.5748502994011976 0.832 0.6422155688622755
1 0.84 0.6002994011976048 0.885 0.6482035928143712
1 0.858 0.6541916167664671 0.912 0.7485029940119761
1 0.917 0.7125748502994012 0.967 0.7844311377245509
1 0.959 0.6182634730538922 1.025 0.7320359281437125
1 0.855 0.7514970059880239 0.943 0.8907185628742516
1 0.941 0.8532934131736527 1.0 0.9341317365269461
1 0.791 0.8607784431137725 0.859 0.9356287425149701
1 0.722 0.7919161676646707 0.787 0.8997005988023952
1 0.669 0.7335329341317365 0.729 0.8173652694610778
1 0.7 0.625748502994012 0.755 0.7395209580838323
1 0.937 0.6437125748502994 0.96 0.6916167664670658
1 0.881 0.8982035928143712 0.94 0.9625748502994012
0 0.533 0.6287425149700598 0.662 0.7050898203592815
0 0.064 0.5748502994011976 0.113 0.6691616766467066
0 0.108 0.6482035928143712 0.157 0.7095808383233533
