0 0.209 0.09466666666666666 0.487 0.4066666666666667
0 0.653 0.25866666666666666 0.92 0.6493333333333333
0 0.48 0.2773333333333333 0.672 0.5706666666666667
0 0.6 0.016 0.797 0.308
0 0.814 0.15733333333333333 0.961 0.3453333333333333
0 0.916 0.37066666666666664 1.022 0.6626666666666666
0 0.823 0.6493333333333333 1.022 0.864
0 0.6 0.7066666666666667 0.886 0.976
0 0.569 0.6066666666666667 0.821 0.8253333333333334
0 0.12 0.636 0.353 0.96
0 0.007 0.49733333333333335 0.248 0.7546666666666667
0 0.095 0.30266666666666664 0.281 0.516
0 0.251 0.34933333333333333 0.472 0.6546666666666666
0 0.011 0.018666666666666668 0.18 0.28933333333333333
