1 0.272 0.303 0.3413333333333333 0.359
1 0.3453333333333333 0.327 0.3893333333333333 0.377
1 0.45066666666666666 0.293 0.4866666666666667 0.35
1 0.43066666666666664 0.34 0.488 0.379
1 0.47333333333333333 0.247 0.5333333333333333 0.312
1 0.5346666666666666 0.273 0.5653333333333334 0.33
1 0.5093333333333333 0.322 0.5546666666666666 0.367
1 0.6866666666666666 0.162 0.7573333333333333 0.226
1 0.016 0.322 0.05333333333333334 0.357
1 0.037333333333333336 0.301 0.07466666666666667 0.329
1 0.0 0.348 0.02266666666666667 0.374
1 0.18666666666666668 0.377 0.20933333333333334 0.404
1 0.17066666666666666 0.395 0.192 0.415
1 0.176 0.147 0.232 0.186
1 0.19466666666666665 0.107 0.24 0.147
0 0.0026666666666666666 0.184 0.028 0.22
0 0.04533333333333334 0.169 0.08533333333333333 0.205
0 0.08666666666666667 0.171 0.132 0.207
0 0.032 0.232 0.06933333333333333 0.265
0 0.004 0.134 0.03333333333333333 0.157
0 0.10533333333333333 0.232 0.14666666666666667 0.267
0 0.14266666666666666 0.34 0.17333333333333334 0.357
0 0.124 0.347 0.14666666666666667 0.367
0 0.2866666666666667 0.354 0.3413333333333333 0.398
0 0.3253333333333333 0.374 0.37866666666666665 0.425
0 0.5706666666666667 0.242 0.636 0.311
0 0.6373333333333333 0.219 0.716 0.292
0 0.924 0.162 1.004 0.242
0 0.7946666666666666 0.324 0.8253333333333334 0.338
0 0.828 0.338 0.8546666666666667 0.37
0 0.776 0.32 0.7906666666666666 0.34
1 0.8 0.274 0.8413333333333334 0.313
1 0.7626666666666667 0.276 0.7973333333333333 0.306
1 0.14 0.208 0.19066666666666668 0.251
0 0.25333333333333335 0.056 0.3 0.107
0 0.31466666666666665 0.069 0.36533333333333334 0.114
0 0.32133333333333336 0.12 0.364 0.164
0 0.2693333333333333 0.107 0.312 0.151
0 0.36933333333333335 0.091 0.4053333333333333 0.148
0 0.19466666666666665 0.316 0.224 0.338
0 0.216 0.336 0.23866666666666667 0.353
0 0.24266666666666667 0.327 0.26266666666666666 0.35
